03
04
01
02
02
08
06
01
03
00
01
09
02
05
05
04
03
04
01
01
02
07
06
0B
03
00
01
04
02
04
05
02
03
04
01
02
02
08
06
00
03
00
01
07
02
05
05
0C
03
04
01
01
02
07
06
09
03
00
01
03
02
04
05
13
03
04
01
02
02
08
06
01
03
00
01
09
02
05
05
00
03
04
01
01
02
07
06
0A
03
00
01
04
02
04
05
11
03
04
01
02
02
08
06
00
03
00
01
07
02
05
05
08
03
04
01
01
02
07
06
06
03
00
01
03
02
04
05
15
03
04
01
02
02
08
06
01
03
00
01
09
02
05
05
04
03
04
01
01
02
07
06
0B
03
00
01
04
02
04
05
10
03
04
01
02
02
08
06
00
03
00
01
07
02
05
05
0A
03
04
01
01
02
07
06
09
03
00
01
03
02
04
05
14
03
04
01
02
02
08
06
01
03
00
01
09
02
05
05
00
03
04
01
01
02
07
06
0A
03
00
01
04
02
04
05
12
03
04
01
02
02
08
06
00
03
00
01
07
02
05
05
07
03
04
01
01
02
07
06
06
03
00
01
03
02
04
05
16

